0.18798795602579843;0.9821713335204009
-0.4056682939946399;-0.9140203691644286
-0.7457691798233186;-0.6662044208992123
-0.7023724224957584;0.7118096516045844
-0.7346379331992239;-0.6784593628985989
0.11946931154234774;-0.9928378939180341
0.6666819532973141;0.7453423194396505
-0.7676842244832704;-0.6408283166960709
-0.4898187466829762;0.8718242915851326
-0.23053445990159505;0.9730641617066573
0.7051385834057484;0.7090695157687533
0.8388890183899547;0.5443025030483861
-0.36857182841683334;-0.9295992724273575
-0.8923303399097502;-0.45138294659473976
-0.3881883318456081;0.9215800665264653
0.8934252682044344;0.4492118544003871
-0.8025419798416702;-0.5965956508321295
0.7192425993598366;-0.6947590109283259
-0.7266523667318354;-0.6870053405345712
0.9590979546267071;0.28307439557626346
-0.09225942320785796;0.995735004320604
0.9400365489742626;-0.34107372603670144
0.588530632533214;0.8084749189492862
-0.28904109739286477;-0.9573166895118503
-0.5739681409679767;-0.818877630146144
0.6157434248775193;-0.7879467207369435
-0.20323925461082526;-0.9791291055755804
0.4040443376832896;0.9147394017894233
-0.5924588393617791;0.8056007222328525
-0.7514150825680146;-0.6598298066087223
-0.5829215263207805;-0.8125284574412466
0.7067145731593045;-0.7074987717899318
-0.46458860296730875;-0.8855266399114622
0.7193056977031116;0.6946936830372361
-0.7317616013524266;0.6815606787265036
-0.5235330913863658;-0.8520053416636747
-0.19641106190087476;-0.9805216442093314
-0.3370254141241664;0.9414955497687889
0.3725869574037992;0.9279972840329758
0.027091408568121533;0.9996329604318753
-0.1451503416508242;0.989409610989629
-0.3790810835153031;-0.9253634594692314
-0.04005030999234571;0.999197664463602
-0.4371995064026979;-0.8993645487794354
0.8142981516865362;0.5804468280212158
-0.6787335987383898;-0.7343845736013485
0.7239694540124009;0.6898320300312143
-0.21868601499888185;0.9757952791666441
-0.44029022469549184;-0.8978555106683889
-0.12421241726518262;0.9922556502218267
5.152629940946326;14.087242622020232
-10.645696760236984;10.567362040219868
-11.10062633307945;-10.088413899783408
-0.709257669336532;-14.983222402356821
5.745632407331964;-13.855962912761303
-8.635743453007212;-12.264743577174498
-3.1488567967430274;-14.665766290024031
-11.517319764998021;9.609960740335307
-1.825085317573464;-14.888554784920455
12.035859896795355;8.951987295830648
5.58039830428795;-13.923331309909283
-8.813508290706274;-12.137630395165761
0.4335059200582858;-14.99373444533664
-5.911232329334606;-13.786128258094415
7.832703126687363;12.792527573907433
7.342533555901845;13.0800306184831
-8.751934110232536;12.182103649622599
12.7460520741913;7.908107012553867
4.817296932168816;-14.205409190421687
-7.206570776990883;-13.155429967744157
-6.050207642200894;13.725705354780638
-14.660487813477953;3.1733416253004374
6.0612097494099935;13.720850424578545
13.668149487694336;6.179133400570104
6.655812596293515;13.442475913425344
-2.614519881275058;14.770385431342591
-5.655445196626564;13.893017657368521
2.1742896361642714;14.841578911223316
2.3858191033569014;14.809046802750583
8.77050530039859;-12.168740147430228
5.270995201084929;-14.043383124807912
-6.174819653379728;-13.670098838276022
-7.524346584532577;12.976294096383333
0.5638795223956219;14.989397582432154
3.2404265381567185;-14.645806084023155
-14.455577152674335;4.004533578717971
-9.680873353835304;11.457778628818135
4.960554724393692;14.156019808770239
-2.331930278440847;-14.81762805500566
-14.158768113325854;4.95270486835901
-8.928826449245332;-12.05305182264048
-11.035858150777083;10.159224127654976
-2.6393317275610393;-14.76597196367004
0.6275393628313122;-14.98686739609373
-4.883413263589144;14.182816183572346
-8.753647639397736;12.1808724238154
0.7679826629946014;-14.98032718699227
-14.259116802339083;4.6559196746992155
6.57500118091405;13.482186746629006
13.69083597076511;6.128703812520569
26.247172753465172;29.84195829422498
24.30990582082959;20.047851978799997
21.993155884653834;28.99485775291288
25.739832739722825;29.944961831726733
25.784382165793;20.06190880825537
26.83634324454676;20.349425466868908
24.472588619129297;20.02789408446199
26.143161494288535;20.132435742799483
22.162810166577906;20.882919256423754
27.53807897751824;20.69208227749415
27.772069250921703;29.161205602718326
28.95821689182949;21.945082810085406
27.845387267965716;20.888580379564914
28.520230286970175;21.449228432199856
22.892193042426953;20.466000680458073
28.893052284546684;21.862462126159137
25.678959980777957;20.04631315639533
21.443640122570315;21.48541546947462
29.1323941545674;27.814838992073465
21.606996893589937;21.327462740843647
23.38064155773757;20.269494928078675
23.754863864133256;29.842482421564256
25.743951359098048;20.055656122871696
26.020241002157327;20.10519578557865
23.994052961570087;29.897761790437965
23.532668140165107;20.220153013629677
26.192050048750666;29.855822966426345
27.535135304719947;29.309650680364072
29.989150837892574;25.329201939173835
28.67252547311289;21.60698413659221
22.976405642670276;29.572205799937628
29.87326297896106;26.11861876342549
25.86903869787379;20.076101976929476
23.02317965054526;20.407377513230415
20.95405533579374;22.06225736760674
29.813377140214;23.646707531216816
22.549309827284453;29.358224142624543
29.922193473789473;24.121358203484313
29.742061675158347;26.585197485802446
28.03434880413301;28.97400645883428
22.68866015341413;20.56629859895996
22.599392020613763;29.386009727452407
25.90972171946511;20.083455848552415
23.520457584106797;29.776081473297218
22.339361440514036;20.766679499993362
29.723118606585036;23.359222553747696
25.10342942748769;20.001069879111174
28.922665516367406;21.899565313266216
22.00561879816103;20.995792061084565
22.544113407704597;20.644701956721715
-33.116173828869705;33.109607392884044
-16.891211084085555;-90.16670647509795
-29.728667544526218;94.68341986447393
49.96098071269617;-58.259302211561035
-45.13540330216805;-24.977609975158927
-4.475139554710907;42.40768051564453
49.3534244363982;19.9610873571703
-66.63294224345269;-39.16631105336397
66.9579902503954;9.27034824382443
-14.263308838255313;-35.20481728760096
-58.96698378571599;-55.84666382311776
16.9211965315494;-25.41250703620213
-6.34261397116309;68.11893959427547
-28.23610354159905;32.79804398890357
91.17134804050966;-44.41224812977773
-40.95340824837581;-33.653459144330284
59.943260047455766;56.122477678400344
59.030664157918835;-8.406576719637556
72.26339984066865;56.64335677924552
79.25770969518882;29.654086014738482
-20.159045250933076;73.49517907150741
-67.94488376339478;-96.60698162452657
76.71496293901728;-14.196000877310524
48.86061717348235;-6.270765738280275
-89.30271906004808;-21.37982175060624
87.74050407280157;40.494048094377945
33.97287892416338;-35.675941913224136
35.829827269413954;-94.61528540275653
-74.2562696290722;-19.471424585867567
3.9023937839446177;59.067716841325534
-52.94758967395514;1.434525412208231
-44.87870318217726;-40.38766236865114
-29.55776905503886;45.719506732387686
41.99213657676145;-75.82357900271526
-19.742521727116056;-92.3875993455314
-59.00262555351654;-38.2871933805186
44.408884367548325;69.27456305600003
19.507019032212085;-84.13226501226771
-73.39433972943141;-58.63601241836429
-44.83571860424396;88.63285638092742
-35.55651424868252;16.818153756239568
-60.52786766091081;80.16529999149543
7.421064403626772;8.097683658063715
-78.022390312389;88.74369837758681
30.33945221492081;-10.177260790062874
36.93796779444014;24.60389758873947
62.17665208424967;-80.90233877397024
89.81576889356086;7.752461657202559
43.71816959337923;-89.47679066813254
-20.246460215962543;61.97808668780195
