-75.63429226703467;-30.05399887704199
-88.59672385511767;-4.214913949272798
42.73178418663585;4.72559018503398
54.783180161050126;52.18878240566869
-16.770365130820394;44.23355507968057
15.868599313188426;83.08002607935708
98.03581876254873;78.49240567951861
37.382138738397884;-21.94773898607218
75.83092197582013;-38.74026834233766
69.32177600529224;-52.124625671451554
-24.41357054583652;43.536765025656194
22.000474581201132;-27.47080299029882
-97.645567968824;-40.03605789102682
-92.06222534759421;-44.420718542765655
-58.39250669148377;-44.674495960635554
-45.79707471065522;-74.62232589583353
60.08293604660577;-36.62303284199424
-55.23431227106026;22.268161783821554
72.78425572332276;12.368297816326049
53.647743484315356;64.73377949951805
-69.09845748513442;-3.9762819005098464
42.35175735807826;-6.359375269841365
11.538083266656287;81.97169230977988
22.582107825450464;-91.63667871233554
-3.2524142826547404;-77.9206054957556
53.494801856961374;-36.900896313958675
43.57167374664013;88.00368314455216
-46.78393086587573;6.397765276263684
54.3270258963683;69.72898572031082
53.885298005543035;-81.1819632187299
-81.60072262959858;77.58298765237794
-84.34768702604671;35.034059356800185
-64.96201096855438;-71.25597418681721
-96.94918741854812;48.92315574288227
84.65604445146971;-68.57745380515672
-97.30089718380557;-77.95743211080355
-8.720265932578712;75.94808987661938
64.96388239188803;-46.51230302918508
69.00274195250725;-18.475427681095226
80.17212341964154;-6.314887007850871
19.116823550373226;63.455849582648
-55.84289832330383;-4.073809251485571
67.58721030313004;82.2794759331513
-34.4333124316304;64.17807706864801
-95.37975332515265;-10.25470655676628
93.07695816209306;65.68399559859711
51.83143946088825;-10.318521133512547
-31.244702244237146;35.65815317547063
6.908571794270486;-3.163376586804148
41.571096108610135;31.70466329105082
-50.88435389406949;89.40945743248838
-20.74972736366402;50.826238490172614
-51.045350825579526;88.57091058110143
-64.68033442764639;42.31295629201142
-51.52187572911642;3.2157162122741454
94.07298802047603;85.4145093883358
-60.631289086594585;28.743461809816722
-53.70640298953007;2.252002966164639
51.86852812763948;-71.92990103177723
-6.30999277289736;10.458125299360589
-96.61014988513863;66.28373520006303
-83.34513358675505;17.41559670530812
76.7234836663875;-3.7071652461187625
30.20728165579419;-0.30349519350083654
93.5481393437459;13.636582570613953
78.3315904326034;97.84209678825022
21.85723244656279;59.4241196494072
-56.5526456935695;-19.457763745800065
-38.056402544974574;12.463190341399283
84.32919754451035;-79.40866156487556
-99.92092322657153;-63.000853088855145
32.340714647050675;45.312794738678605
41.24873009556177;5.707820717852385
-3.1647711345666067;-9.294608048706635
-78.00026082410261;-14.65697566398309
32.80792663852182;20.31699752273491
-20.489168067320904;62.26202560740447
-38.237995682010165;75.42894356259598
-76.34866920260488;87.95954721498569
-60.66693811141393;-59.82722510408394
-13.471161400451678;91.61770871527293
-95.16900532785179;68.74804129599084
-61.98308221037849;17.603555640607198
16.41220986399921;87.96358634494757
79.88226339540654;-14.065076295964715
5.612480607877529;-47.543010063202004
55.80532753459687;50.185927521249425
-14.443892694229106;33.84245047383229
63.74610706808019;-37.3243712185654
-11.280923654235337;-11.481443172857126
30.175708846591277;82.92369327893212
-42.21029462305539;84.84134045396013
-70.3682371714154;-26.930699360047967
-9.188433975891556;-22.762159756031195
-56.28587659118936;64.38563154587956
75.84458797897247;-32.5331524136693
75.82657954207201;3.710334314798544
4.9036774426109275;91.93225209719782
53.49876383687442;-58.313213599919166
99.88645906985585;79.62181772026383
-27.37473800492016;-27.123984921711823
74.3673058161277;-72.62085138631602
71.7645670545813;-55.88891909915126
-48.52426570287576;67.40842861863663
71.81566610059414;2.2590260320812376
-55.80431107203996;-93.34463778549977
55.57406283693382;37.7057027689732
-96.3999774679965;-74.28756450498064
72.98755278464674;-39.18682658140966
-67.20462946759318;6.318695011156805
77.40091533038628;-17.54770574582298
22.855340284436522;-4.0197625213893105
63.51365038591166;-96.98894188992502
49.358084163474786;52.517585297888814
-58.35603008617771;-46.74806117717352
-87.16374872937374;90.06140719632981
62.38133809290531;28.858171147481613
-85.83037940257294;26.169093005259498
69.86198835988552;-59.40306886104592
-68.95666714077029;49.635917299199264
57.71570503768109;-75.79757138000468
-63.32254812984082;-59.594128544034916
-71.44484864780097;61.21659480484979
6.878042898702745;-2.407671226802279
48.706400718819964;71.28838163175689
6.542782578215295;26.746421260180583
12.63817214125902;80.58766916730832
-48.13172184300696;7.051967262752612
-55.44272793317471;19.823871935912194
-68.159789380678;26.640224603365724
-35.65818205874132;-57.888603721475505
25.6290634179025;51.13146068083569
-48.53327563508063;-63.182778272945896
-98.19265613485382;29.468684860126046
-96.27075626449646;-49.26766218182799
39.729379342074054;-6.883394715950658
-31.232079753479525;-91.70825818037858
63.66351796418883;35.61971499282305
97.4902979616648;-6.055138834726236
-47.099449029860494;88.6869253795723
-87.85321204341415;74.03177204074066
-73.24902484653131;-58.30280407064261
-48.80134593294747;-51.41721170816793
-86.08076184994525;-50.1261279026449
-40.97361060832756;55.18669081702507
-51.24891593360257;-37.48110415032142
-23.111254465268786;13.587534981402257
-23.024747701991473;85.76644909241423
-35.211114776306744;84.70185091589775
78.509549111333;-43.399427113753084
-50.60630614527126;51.383938806578044
99.68775882012457;-73.7247772253201
-36.49168668916809;-7.948733416029924
45.651280714774714;46.346135955240385
52.62933327499451;88.22226498776001
61.37840294278726;-8.922602551746579
-76.07648313455874;-75.7965819517747
-30.98021903215499;-86.06069697283482
-84.905960248278;-89.03930423125921
59.088836350997525;-22.303914535960075
-95.58483599148424;81.70695426838174
46.220532432113544;-1.6220238286350792
-41.03525631725435;40.312383783594186
-70.3244618619857;-42.34649014562315
62.632242547393616;-24.366992806651382
59.86379025600229;-97.17297157887663
-92.50255414888322;-31.43175249297134
25.039838111768802;-6.805206482858765
38.95643585715894;65.84321204014742
-24.42237486256829;33.54755311940346
-1.878252688801723;2.6188042206704267
13.565495023908227;80.13795587051212
-3.6440956201336547;-73.70834852475691
-83.1134617945509;89.5774554775293
-81.08554716423122;76.0216111308805
-6.416955345337996;18.974766427562088
-96.94401111017974;47.78072520177267
48.99654146607193;-59.876268775116735
-96.06476166556487;95.0660823941138
-19.91364579063233;-67.36547131155524
38.13223668038847;19.01111162975897
-11.292494434132323;40.891581496487845
-86.26882944120453;63.75935251334286
-97.97288164578315;-98.63164794471595
84.11981903116373;-98.78321008642881
-85.32972643400454;25.769262480958588
-97.45173327316179;17.034688610485205
-1.3767268066636689;33.64882543722655
-7.513117378117457;5.966542410313494
32.5067978177201;47.8210933353063
-34.34537841958441;-63.57580380944536
49.53099727265845;91.85606335975277
84.53756083707424;54.342872430879964
-2.0314117422393565;42.20340513030203
-1.3474083622196247;96.93823348122362
-2.948322534325996;54.65519907791304
-17.81466587368992;-40.05249822343464
35.92615969587442;-46.97281617138967
40.83134172719417;-81.44615486702034
-6.435394361342887;-21.822219008533224
